11111111111111111111111
11000001010101010000011
11110111110101111101111
11010101000100010101011
11010101110101110101011
11010001010101010001011
11110111010101011101111
11010100010101000101011
11010101010101010101011
10010001010101010001001
11111111110101111111111
11010000010101000001011
11011111110101111111011
11000101000100010100011
11110101110101110101111
11010100010101000101011
11111111111111111111111
11111111111111111111111
11010100010101000101011
11110101110101110101111
11000101000100010100011
11011111110101111111011
11010000010101000001011
11111111110101111111111
10010001010101010001001
11010101010101010101011
11010100010101000101011
11110111010101011101111
11010001010101010001011
11010101110101110101011
11010101000100010101011
11110111110101111101111
11000001010101010000011
11111111111111111111111
